,loss,accuracy,val_loss,val_accuracy
0,0.8190950155258179,0.6383616328239441,0.7646533846855164,0.739130437374115
1,0.3451496958732605,0.8561438322067261,0.7200580835342407,0.782608687877655
2,0.24731245636940002,0.9020978808403015,1.0192047357559204,0.782608687877655
3,0.1770397126674652,0.9310689568519592,0.8558780550956726,0.782608687877655
4,0.16123247146606445,0.9460539221763611,0.923919677734375,0.804347813129425
5,0.11076857149600983,0.9660339951515198,0.931454062461853,0.782608687877655
6,0.11751740425825119,0.9580419659614563,0.7123905420303345,0.760869562625885
7,0.11766037344932556,0.962037980556488,1.5360413789749146,0.695652186870575
8,0.11392764002084732,0.9640359878540039,0.6155917048454285,0.8260869383811951
9,0.07898696511983871,0.9770230054855347,0.6061074733734131,0.8260869383811951
10,0.0615076906979084,0.9780219793319702,1.1594692468643188,0.8478260636329651
11,0.06329582631587982,0.9795204997062683,0.8242407441139221,0.8478260636329651
12,0.07612904906272888,0.9730269908905029,0.8405657410621643,0.8478260636329651
13,0.09187205135822296,0.969530463218689,1.3109729290008545,0.782608687877655
14,0.09697958827018738,0.9660339951515198,1.135772943496704,0.8478260636329651
15,0.08411183208227158,0.9685314893722534,1.3144818544387817,0.8695651888847351
16,0.08193489164113998,0.969530463218689,1.0794190168380737,0.782608687877655
17,0.08699710667133331,0.9740259647369385,3.236302137374878,0.739130437374115
18,0.06798433512449265,0.9755244851112366,1.7033681869506836,0.8260869383811951
19,0.10707392543554306,0.9715284705162048,1.2873836755752563,0.8260869383811951
20,0.052635859698057175,0.9845154881477356,0.7600903511047363,0.8913043737411499
21,0.046757180243730545,0.9840160012245178,0.6189502477645874,0.8913043737411499
22,0.03987126797437668,0.9880120158195496,1.0899301767349243,0.782608687877655
23,0.02695266716182232,0.9890109896659851,1.2506191730499268,0.782608687877655
24,0.06476136296987534,0.982017993927002,0.7493871450424194,0.8478260636329651
25,0.03868766501545906,0.9860140085220337,3.4562294483184814,0.739130437374115
26,0.142159566283226,0.9595404863357544,0.7230390310287476,0.8478260636329651
27,0.03853537514805794,0.9855144619941711,2.991878032684326,0.8695651888847351
28,0.0643622875213623,0.9840160012245178,0.9576389193534851,0.8260869383811951
29,0.04685300961136818,0.9870129823684692,1.9961680173873901,0.8695651888847351
