,loss,accuracy,val_loss,val_accuracy
0,0.8565958142280579,0.6153846383094788,0.6148391366004944,0.6739130616188049
1,0.38912907242774963,0.847152829170227,0.860322892665863,0.739130437374115
2,0.20379509031772614,0.9255744218826294,0.7868728637695312,0.760869562625885
3,0.19046346843242645,0.9255744218826294,0.8523497581481934,0.782608687877655
4,0.1513725221157074,0.949550449848175,1.657956838607788,0.695652186870575
5,0.14467895030975342,0.9475524425506592,0.8835611939430237,0.804347813129425
6,0.07522846758365631,0.9705294966697693,1.0177345275878906,0.804347813129425
7,0.07903250306844711,0.9690309762954712,1.6101664304733276,0.782608687877655
8,0.13300976157188416,0.9545454382896423,1.0805561542510986,0.8478260636329651
9,0.08312033861875534,0.9685314893722534,1.3156719207763672,0.8478260636329651
10,0.06984332948923111,0.9805194735527039,1.2378040552139282,0.8478260636329651
11,0.07447056472301483,0.9725274443626404,1.538763165473938,0.8478260636329651
12,0.06095951795578003,0.9790209531784058,2.1916916370391846,0.8695651888847351
13,0.06333940476179123,0.9790209531784058,1.5875617265701294,0.8478260636329651
14,0.04086259752511978,0.9845154881477356,2.5755960941314697,0.8695651888847351
15,0.05679149925708771,0.9810189604759216,1.592289686203003,0.782608687877655
16,0.11017177253961563,0.9730269908905029,1.1923893690109253,0.6739130616188049
17,0.06405990570783615,0.9790209531784058,1.1049576997756958,0.8478260636329651
18,0.028401562944054604,0.9890109896659851,1.2379320859909058,0.8478260636329651
19,0.04897179827094078,0.9840160012245178,1.0755138397216797,0.8260869383811951
20,0.0784573033452034,0.9745254516601562,0.8886519074440002,0.8260869383811951
21,0.05026330053806305,0.9865134954452515,1.2559455633163452,0.8478260636329651
22,0.0446784608066082,0.9845154881477356,1.1855018138885498,0.8478260636329651
23,0.01693516969680786,0.9945054650306702,1.6764106750488281,0.804347813129425
24,0.014055965468287468,0.9960039854049683,1.690746784210205,0.782608687877655
25,0.02289874106645584,0.9920079708099365,1.0940476655960083,0.9130434989929199
26,0.15028910338878632,0.957042932510376,1.810723066329956,0.739130437374115
27,0.057441022247076035,0.9835164546966553,1.5735167264938354,0.782608687877655
28,0.07355127483606339,0.9760239720344543,2.23740291595459,0.760869562625885
29,0.0532422810792923,0.9810189604759216,2.0221338272094727,0.804347813129425
