,loss,accuracy,val_loss,val_accuracy
0,0.8149788975715637,0.6513486504554749,0.4184628427028656,0.739130437374115
1,0.3564710021018982,0.8621378540992737,0.46551981568336487,0.804347813129425
2,0.16826143860816956,0.931568443775177,0.46523118019104004,0.8478260636329651
3,0.22276858985424042,0.9165834188461304,0.29526570439338684,0.8913043737411499
4,0.1562364101409912,0.9420579671859741,0.22397451102733612,0.9130434989929199
5,0.13098973035812378,0.9535464644432068,0.4877792000770569,0.8695651888847351
6,0.0757092535495758,0.9720279574394226,0.5721590518951416,0.8695651888847351
7,0.08364889770746231,0.9685314893722534,0.9575001001358032,0.8478260636329651
8,0.0809725970029831,0.9715284705162048,0.3851155936717987,0.8478260636329651
9,0.11591912806034088,0.9595404863357544,0.6518025398254395,0.8478260636329651
10,0.09842242300510406,0.9665334820747375,0.5439578294754028,0.8478260636329651
11,0.10192512720823288,0.9625374674797058,0.6570778489112854,0.8478260636329651
12,0.05413791164755821,0.9795204997062683,0.5518430471420288,0.8695651888847351
13,0.04644511267542839,0.9815185070037842,0.6751202344894409,0.8260869383811951
14,0.036124903708696365,0.9835164546966553,0.3706354796886444,0.8695651888847351
15,0.07620000094175339,0.9710289835929871,0.7701558470726013,0.8478260636329651
16,0.04818850755691528,0.9830169677734375,0.39416471123695374,0.9347826242446899
17,0.0737866461277008,0.9760239720344543,1.25602126121521,0.782608687877655
18,0.09387671202421188,0.9690309762954712,0.657900333404541,0.782608687877655
19,0.07787397503852844,0.9700299501419067,0.5130310654640198,0.8913043737411499
20,0.09171096980571747,0.9655344486236572,0.73044353723526,0.8695651888847351
21,0.07023514807224274,0.9745254516601562,0.580303966999054,0.8478260636329651
22,0.04778357222676277,0.9850149750709534,0.5801776647567749,0.8913043737411499
23,0.08444318175315857,0.9675324559211731,1.611600637435913,0.782608687877655
24,0.06471414864063263,0.9765234589576721,0.49474895000457764,0.8695651888847351
25,0.03862910345196724,0.9835164546966553,1.223433017730713,0.8260869383811951
26,0.06352395564317703,0.982017993927002,3.5203797817230225,0.6086956262588501
27,0.09803704917430878,0.9645354747772217,0.7950595617294312,0.8913043737411499
28,0.09993976354598999,0.9715284705162048,0.8991273045539856,0.8913043737411499
29,0.05473419278860092,0.9825174808502197,1.0921400785446167,0.804347813129425
