,loss,accuracy,val_loss,val_accuracy
0,0.8249537944793701,0.5956284403800964,0.5559585690498352,0.7111111283302307
1,0.33532845973968506,0.8618976473808289,0.5599830746650696,0.8222222328186035
2,0.22034789621829987,0.9090909361839294,0.8444601893424988,0.800000011920929
3,0.1796388030052185,0.928464949131012,0.7552739381790161,0.8222222328186035
4,0.11539264023303986,0.9533035159111023,0.7485409379005432,0.9111111164093018
5,0.12635640799999237,0.9557873606681824,0.4968034029006958,0.8888888955116272
6,0.113502636551857,0.9562841653823853,0.5014336705207825,0.9333333373069763
7,0.07306601852178574,0.9776452779769897,0.2462497353553772,0.9555555582046509
8,0.07602781057357788,0.9716840386390686,1.9047911167144775,0.800000011920929
9,0.07071279734373093,0.9721808433532715,0.9342268109321594,0.8666666746139526
10,0.0790671780705452,0.9682066440582275,1.683417797088623,0.8222222328186035
11,0.07034408301115036,0.9726775884628296,1.155856966972351,0.8888888955116272
12,0.08418890833854675,0.9706904888153076,1.5503997802734375,0.8444444537162781
13,0.04979576915502548,0.9811227321624756,1.0035650730133057,0.8444444537162781
14,0.05632290244102478,0.9791356325149536,0.6084170341491699,0.8222222328186035
15,0.05274259299039841,0.9816194772720337,1.3793952465057373,0.9111111164093018
16,0.1318613737821579,0.9701937437057495,0.9028818607330322,0.8666666746139526
17,0.0857991948723793,0.9706904888153076,1.226272702217102,0.8888888955116272
18,0.06090240553021431,0.9771485328674316,2.1539745330810547,0.800000011920929
19,0.07326126098632812,0.9751614332199097,1.977423071861267,0.8666666746139526
20,0.06545979529619217,0.9771485328674316,2.5309340953826904,0.8444444537162781
21,0.036948882043361664,0.9865871667861938,1.4105360507965088,0.8444444537162781
22,0.03517749160528183,0.9890710115432739,1.2391507625579834,0.8666666746139526
23,0.02537504769861698,0.9905613660812378,6.10143518447876,0.800000011920929
24,0.07419687509536743,0.9836065769195557,1.0838353633880615,0.8888888955116272
25,0.03610635921359062,0.9880775213241577,0.9147776365280151,0.9111111164093018
26,0.03351455181837082,0.9860904216766357,1.3515418767929077,0.9111111164093018
27,0.05462358146905899,0.9826130270957947,0.7858973145484924,0.8444444537162781
28,0.1439800262451172,0.9567809104919434,0.8751595616340637,0.7333333492279053
29,0.0721493735909462,0.9761549830436707,1.45084810256958,0.7777777910232544
