,loss,accuracy,val_loss,val_accuracy
0,0.8569176197052002,0.6393442749977112,0.6285219192504883,0.6888889074325562
1,0.307197242975235,0.8703427910804749,0.5722494125366211,0.7555555701255798
2,0.1993771344423294,0.9195231199264526,0.8701117634773254,0.7777777910232544
3,0.1541249305009842,0.942374587059021,0.8857160806655884,0.7333333492279053
4,0.11793261766433716,0.9602583050727844,1.168502926826477,0.7333333492279053
5,0.07847053557634354,0.9701937437057495,1.2613741159439087,0.800000011920929
6,0.1054992526769638,0.9672130942344666,1.2953327894210815,0.6888889074325562
7,0.08662876486778259,0.9721808433532715,1.8185853958129883,0.644444465637207
8,0.05614330992102623,0.9816194772720337,2.137601375579834,0.7555555701255798
9,0.06537090986967087,0.9801291823387146,1.953126072883606,0.6666666865348816
10,0.05922408774495125,0.9806259274482727,1.3358845710754395,0.7333333492279053
11,0.05814739316701889,0.9791356325149536,1.7037615776062012,0.7111111283302307
12,0.04592796787619591,0.9831097722053528,1.830729365348816,0.7333333492279053
13,0.05669331178069115,0.9801291823387146,2.1005523204803467,0.7777777910232544
14,0.04926473647356033,0.9836065769195557,0.976099967956543,0.7777777910232544
15,0.09210377931594849,0.9761549830436707,2.666139602661133,0.7777777910232544
16,0.048908382654190063,0.9865871667861938,2.352977752685547,0.6888889074325562
17,0.04481648653745651,0.9855936169624329,1.875100016593933,0.6888889074325562
18,0.0478731170296669,0.9880775213241577,2.614774465560913,0.6888889074325562
19,0.0560513399541378,0.9811227321624756,1.9348968267440796,0.7111111283302307
20,0.06650467216968536,0.9860904216766357,2.046452760696411,0.7777777910232544
21,0.03289605304598808,0.9910581111907959,1.8459380865097046,0.6888889074325562
22,0.051650531589984894,0.9870839715003967,2.786653995513916,0.7333333492279053
23,0.02971186861395836,0.9895678162574768,2.3135311603546143,0.7111111283302307
24,0.02429087460041046,0.992548406124115,2.7189126014709473,0.7333333492279053
25,0.023518400266766548,0.993541955947876,3.056288719177246,0.6888889074325562
26,0.020984360948204994,0.992548406124115,2.1603410243988037,0.6666666865348816
27,0.032089367508888245,0.9915549159049988,1.7938486337661743,0.7777777910232544
28,0.09772669523954391,0.9731743931770325,1.4801130294799805,0.7111111283302307
29,0.0437338724732399,0.9880775213241577,2.172254800796509,0.7333333492279053
