,loss,accuracy,val_loss,val_accuracy
0,0.9759459495544434,0.6743256449699402,0.5231766700744629,0.8695651888847351
1,0.35092416405677795,0.8616383671760559,0.8643879890441895,0.8260869383811951
2,0.20869718492031097,0.9095904231071472,0.9206140041351318,0.8260869383811951
3,0.14942902326583862,0.9420579671859741,1.7328269481658936,0.8478260636329651
4,0.14373156428337097,0.9450549483299255,0.9818828701972961,0.804347813129425
5,0.14846664667129517,0.9435564279556274,0.8195218443870544,0.8478260636329651
6,0.11514591425657272,0.9555444717407227,0.5509562492370605,0.8913043737411499
7,0.06947972625494003,0.9750249981880188,1.1181647777557373,0.8260869383811951
8,0.15130925178527832,0.9465534687042236,2.3025333881378174,0.782608687877655
9,0.14524172246456146,0.9540459513664246,0.8305201530456543,0.782608687877655
10,0.12309951335191727,0.9575424790382385,0.7009562849998474,0.804347813129425
11,0.065857894718647,0.9715284705162048,1.449855089187622,0.8260869383811951
12,0.09806942939758301,0.9675324559211731,1.3589165210723877,0.782608687877655
13,0.061028435826301575,0.9765234589576721,1.1838176250457764,0.8260869383811951
14,0.027152840048074722,0.9900099635124207,1.3169853687286377,0.8260869383811951
15,0.07408840209245682,0.9790209531784058,1.24248468875885,0.760869562625885
16,0.10583063215017319,0.9725274443626404,0.8819334506988525,0.8478260636329651
17,0.09367632865905762,0.9725274443626404,0.8054623007774353,0.8695651888847351
18,0.05255550891160965,0.9800199866294861,2.1712610721588135,0.739130437374115
19,0.2251015603542328,0.9295704364776611,0.94126957654953,0.782608687877655
20,0.13119648396968842,0.9565434455871582,1.0488108396530151,0.804347813129425
21,0.08631107211112976,0.9720279574394226,1.6980913877487183,0.8913043737411499
22,0.12886084616184235,0.9670329689979553,0.4436873197555542,0.8478260636329651
23,0.12454017251729965,0.9590409398078918,0.8795889019966125,0.8478260636329651
24,0.09609273821115494,0.9705294966697693,0.9624536037445068,0.8260869383811951
25,0.071957528591156,0.9745254516601562,0.8284431099891663,0.8913043737411499
26,0.057413581758737564,0.9800199866294861,0.4460103511810303,0.8478260636329651
27,0.02171875536441803,0.9925075173377991,0.6157077550888062,0.8478260636329651
28,0.018149306997656822,0.9905095100402832,0.9175373315811157,0.8260869383811951
29,0.029287269338965416,0.991008996963501,1.428126335144043,0.804347813129425
