,loss,accuracy,val_loss,val_accuracy
0,0.6522935032844543,0.6943057179450989,0.652905285358429,0.782608687877655
1,0.3128644526004791,0.8701298832893372,0.8184092044830322,0.8260869383811951
2,0.18048681318759918,0.9210789203643799,0.703485906124115,0.804347813129425
3,0.1610061079263687,0.9350649118423462,0.7248863577842712,0.782608687877655
4,0.1482413411140442,0.9390609264373779,0.9522339105606079,0.8260869383811951
5,0.13547097146511078,0.9475524425506592,0.8861228227615356,0.782608687877655
6,0.10774463415145874,0.9600399732589722,0.5951319336891174,0.8478260636329651
7,0.17645154893398285,0.9395604133605957,0.5545595288276672,0.804347813129425
8,0.10826889425516129,0.9585414528846741,0.7279502153396606,0.8478260636329651
9,0.059152547270059586,0.9805194735527039,0.7313008308410645,0.8695651888847351
10,0.07411833107471466,0.9735264778137207,0.690937876701355,0.8695651888847351
11,0.0658184140920639,0.9740259647369385,0.947269082069397,0.8695651888847351
12,0.03911921754479408,0.9840160012245178,1.5028207302093506,0.804347813129425
13,0.04600420966744423,0.9825174808502197,1.757949948310852,0.8260869383811951
14,0.09395366162061691,0.9670329689979553,1.1056196689605713,0.8478260636329651
15,0.08724485337734222,0.9740259647369385,0.7722428441047668,0.8913043737411499
16,0.06240718439221382,0.9800199866294861,1.348068118095398,0.8260869383811951
17,0.07949813455343246,0.9725274443626404,0.8254677057266235,0.782608687877655
18,0.09661555290222168,0.9665334820747375,0.4405886232852936,0.8695651888847351
19,0.041452206671237946,0.9830169677734375,0.6720536947250366,0.8260869383811951
20,0.05242908373475075,0.9810189604759216,0.6320976614952087,0.8695651888847351
21,0.08725672215223312,0.9760239720344543,0.3608798682689667,0.8260869383811951
22,0.03359787538647652,0.9900099635124207,0.5942589044570923,0.8913043737411499
23,0.05011320114135742,0.9850149750709534,0.8197821974754333,0.8695651888847351
24,0.062275372445583344,0.9810189604759216,0.5329188704490662,0.8260869383811951
25,0.07914254814386368,0.9790209531784058,0.6009150743484497,0.8695651888847351
26,0.04486481100320816,0.9840160012245178,0.7164574265480042,0.8695651888847351
27,0.04271190986037254,0.9865134954452515,1.657381296157837,0.8260869383811951
28,0.06904664635658264,0.9810189604759216,0.6377177238464355,0.8478260636329651
29,0.051868561655282974,0.9835164546966553,0.5395427346229553,0.8913043737411499
