,loss,accuracy,val_loss,val_accuracy
0,1.140535593032837,0.6238760948181152,0.36280709505081177,0.760869562625885
1,0.45207279920578003,0.8161838054656982,0.2655838429927826,0.804347813129425
2,0.29894280433654785,0.8826173543930054,0.6243524551391602,0.782608687877655
3,0.24843452870845795,0.8991008996963501,0.4171980917453766,0.804347813129425
4,0.14394420385360718,0.940559446811676,0.8260716795921326,0.8260869383811951
5,0.15571226179599762,0.9445554614067078,0.974751353263855,0.760869562625885
6,0.16855241358280182,0.9380619525909424,0.8008043169975281,0.760869562625885
7,0.12832805514335632,0.9535464644432068,0.8641506433486938,0.8260869383811951
8,0.11998920142650604,0.9555444717407227,0.5297189950942993,0.8260869383811951
9,0.14240123331546783,0.949550449848175,1.1154649257659912,0.782608687877655
10,0.10799805819988251,0.9560439586639404,1.2409342527389526,0.717391312122345
11,0.07789973169565201,0.9705294966697693,0.94534832239151,0.782608687877655
12,0.1222229078412056,0.9640359878540039,1.1202901601791382,0.760869562625885
13,0.08990395069122314,0.969530463218689,1.7855271100997925,0.6521739363670349
14,0.11225758492946625,0.9585414528846741,0.6839260458946228,0.8260869383811951
15,0.07990200072526932,0.9720279574394226,1.8145785331726074,0.717391312122345
16,0.050214290618896484,0.9800199866294861,1.1379238367080688,0.695652186870575
17,0.07010713219642639,0.9800199866294861,0.6976823210716248,0.8478260636329651
18,0.09957227855920792,0.9710289835929871,0.24561209976673126,0.8695651888847351
19,0.04576911777257919,0.9825174808502197,1.358785629272461,0.760869562625885
20,0.09512883424758911,0.9765234589576721,0.7372487783432007,0.739130437374115
21,0.047794196754693985,0.9835164546966553,0.44746801257133484,0.8478260636329651
22,0.026797110214829445,0.9890109896659851,0.37436965107917786,0.8913043737411499
23,0.08370183408260345,0.9745254516601562,1.0672305822372437,0.760869562625885
24,0.0567326620221138,0.9825174808502197,1.0975005626678467,0.804347813129425
25,0.06168561056256294,0.9770230054855347,0.7889459729194641,0.8478260636329651
26,0.06537052243947983,0.9795204997062683,3.062119245529175,0.695652186870575
27,0.06899967789649963,0.9760239720344543,0.838746190071106,0.804347813129425
28,0.05899413302540779,0.9845154881477356,1.6044052839279175,0.760869562625885
29,0.025381654500961304,0.9900099635124207,1.4111077785491943,0.739130437374115
