,loss,accuracy,val_loss,val_accuracy
0,1.0540512800216675,0.6562345027923584,0.5450588464736938,0.7555555701255798
1,0.40081363916397095,0.8281172513961792,0.51529860496521,0.8888888955116272
2,0.25678300857543945,0.8986586928367615,1.4043182134628296,0.8222222328186035
3,0.16577187180519104,0.939393937587738,0.8573830723762512,0.8444444537162781
4,0.19162531197071075,0.9309488534927368,0.8877779841423035,0.8444444537162781
5,0.17407682538032532,0.9364132881164551,0.33371004462242126,0.9333333373069763
6,0.12093197554349899,0.9577744603157043,1.203922152519226,0.8666666746139526
7,0.09557440131902695,0.9657227993011475,1.0587238073349,0.8444444537162781
8,0.11205713450908661,0.9602583050727844,0.4603271782398224,0.8444444537162781
9,0.07604067027568817,0.9776452779769897,0.6458557844161987,0.8666666746139526
10,0.11224960535764694,0.9612518548965454,0.7266574501991272,0.8666666746139526
11,0.11210522055625916,0.9622454047203064,0.5669016242027283,0.9111111164093018
12,0.12156087905168533,0.9562841653823853,1.2297778129577637,0.7555555701255798
13,0.12483853101730347,0.9657227993011475,1.0736464262008667,0.8444444537162781
14,0.05898752063512802,0.9811227321624756,1.2678003311157227,0.8888888955116272
15,0.07878071069717407,0.9736711382865906,0.4514065086841583,0.8888888955116272
16,0.06271126121282578,0.9776452779769897,1.2140175104141235,0.8888888955116272
17,0.0638030394911766,0.9826130270957947,0.4494335651397705,0.8888888955116272
18,0.045908406376838684,0.9816194772720337,0.6583718061447144,0.8666666746139526
19,0.05006133392453194,0.9860904216766357,0.8191942572593689,0.8666666746139526
20,0.07582349330186844,0.9736711382865906,0.5945313572883606,0.9111111164093018
21,0.09036269783973694,0.9781420826911926,1.3144042491912842,0.8444444537162781
22,0.13372620940208435,0.9642325043678284,1.4461930990219116,0.8444444537162781
23,0.08754462003707886,0.9751614332199097,0.3030110001564026,0.9555555582046509
24,0.06245603784918785,0.9786388278007507,1.4976338148117065,0.8444444537162781
25,0.03746293857693672,0.9870839715003967,0.560317873954773,0.8666666746139526
26,0.04468963295221329,0.9855936169624329,0.345473974943161,0.9333333373069763
27,0.051578179001808167,0.9850968718528748,1.1015061140060425,0.8666666746139526
28,0.05891084671020508,0.9846001267433167,1.9012787342071533,0.8888888955116272
29,0.06251393258571625,0.9786388278007507,0.631043016910553,0.8888888955116272
