,loss,accuracy,val_loss,val_accuracy
0,1.0293411016464233,0.6681569814682007,0.787539005279541,0.644444465637207
1,0.44838324189186096,0.8291108012199402,0.7734321355819702,0.7333333492279053
2,0.25294551253318787,0.9051167368888855,0.6966453790664673,0.7333333492279053
3,0.1517554521560669,0.9443616271018982,1.2481718063354492,0.7333333492279053
4,0.14132849872112274,0.9488325715065002,1.9089934825897217,0.6888889074325562
5,0.1441340297460556,0.946845531463623,1.3878576755523682,0.7333333492279053
6,0.09583821147680283,0.9662195444107056,1.8017276525497437,0.6888889074325562
7,0.09842724353075027,0.9647292494773865,1.7664552927017212,0.7777777910232544
8,0.06323631852865219,0.9766517877578735,3.2092270851135254,0.7555555701255798
9,0.07892830669879913,0.9746646881103516,1.0384488105773926,0.8222222328186035
10,0.08524663001298904,0.9692001938819885,1.851500153541565,0.7777777910232544
11,0.053856026381254196,0.9821162223815918,2.596226930618286,0.6666666865348816
12,0.0457012839615345,0.9811227321624756,2.121716022491455,0.7111111283302307
13,0.04840359836816788,0.9831097722053528,2.5261030197143555,0.7777777910232544
14,0.07542543113231659,0.9801291823387146,2.451740026473999,0.7555555701255798
15,0.04828890785574913,0.9836065769195557,1.3624883890151978,0.7555555701255798
16,0.04713277146220207,0.9836065769195557,1.768824577331543,0.7333333492279053
17,0.11775924265384674,0.9637356996536255,1.5435614585876465,0.6888889074325562
18,0.0601453073322773,0.9786388278007507,1.71955144405365,0.7555555701255798
19,0.04842884838581085,0.9836065769195557,1.8828182220458984,0.7333333492279053
20,0.041519518941640854,0.9826130270957947,2.178170919418335,0.7777777910232544
21,0.07029833644628525,0.9821162223815918,1.1075189113616943,0.7333333492279053
22,0.08617977797985077,0.9731743931770325,1.7771698236465454,0.7777777910232544
23,0.0432899110019207,0.9850968718528748,1.4386166334152222,0.6888889074325562
24,0.04375442862510681,0.9855936169624329,1.6056667566299438,0.6888889074325562
25,0.022894954308867455,0.9915549159049988,2.3350398540496826,0.7555555701255798
26,0.018519844859838486,0.992548406124115,2.3479325771331787,0.7333333492279053
27,0.01512708980590105,0.9940387606620789,2.5468575954437256,0.7333333492279053
28,0.013460405170917511,0.9950323104858398,4.917963027954102,0.7333333492279053
29,0.021015269681811333,0.9930452108383179,3.6587586402893066,0.7555555701255798
