,loss,accuracy,val_loss,val_accuracy
0,0.6204785704612732,0.7042956948280334,0.5372593402862549,0.739130437374115
1,0.25026312470436096,0.901098906993866,0.622096598148346,0.8260869383811951
2,0.12768535315990448,0.9545454382896423,0.5037150979042053,0.8913043737411499
3,0.08162935078144073,0.9680319428443909,0.7087398767471313,0.8260869383811951
4,0.07170461118221283,0.9740259647369385,0.8404155373573303,0.9130434989929199
5,0.07008703052997589,0.9730269908905029,0.6795668601989746,0.8695651888847351
6,0.0518718846142292,0.9810189604759216,0.9886218905448914,0.8260869383811951
7,0.029514344409108162,0.987512469291687,0.6031278371810913,0.8695651888847351
8,0.037337712943553925,0.9870129823684692,0.7499516606330872,0.8913043737411499
9,0.04799181967973709,0.9865134954452515,0.832830011844635,0.8695651888847351
10,0.06554858386516571,0.9790209531784058,1.0872420072555542,0.8913043737411499
11,0.036463551223278046,0.9880120158195496,1.6510570049285889,0.8260869383811951
12,0.05106796324253082,0.9835164546966553,1.1725579500198364,0.8260869383811951
13,0.022918187081813812,0.9890109896659851,1.0618866682052612,0.8913043737411499
14,0.04407421872019768,0.9890109896659851,1.1671069860458374,0.8260869383811951
15,0.043191004544496536,0.987512469291687,0.3797752261161804,0.8913043737411499
16,0.03447975590825081,0.9870129823684692,0.5592539310455322,0.8478260636329651
17,0.020463675260543823,0.9920079708099365,0.5857219099998474,0.8913043737411499
18,0.021742109209299088,0.9905095100402832,1.181546926498413,0.804347813129425
19,0.033785752952098846,0.9880120158195496,1.533583402633667,0.8260869383811951
20,0.02872387506067753,0.9885115027427673,0.9915623068809509,0.8695651888847351
21,0.02888125367462635,0.9895104765892029,1.0537517070770264,0.8478260636329651
22,0.02805071324110031,0.9920079708099365,0.702151894569397,0.8695651888847351
23,0.03854481503367424,0.9860140085220337,1.2538083791732788,0.8695651888847351
24,0.020114580169320107,0.9905095100402832,1.2235543727874756,0.8913043737411499
25,0.015086312778294086,0.9930070042610168,1.0417107343673706,0.8913043737411499
26,0.03595840185880661,0.9890109896659851,1.0362471342086792,0.8695651888847351
27,0.02251177281141281,0.9900099635124207,1.036792516708374,0.8695651888847351
28,0.04186049848794937,0.9905095100402832,0.5561981797218323,0.9347826242446899
29,0.02140372060239315,0.9915084838867188,0.9819096326828003,0.9130434989929199
