,loss,accuracy,val_loss,val_accuracy
0,0.6487340331077576,0.6733266711235046,0.43418893218040466,0.760869562625885
1,0.2604067027568817,0.8911088705062866,1.297460675239563,0.739130437374115
2,0.16322264075279236,0.9380619525909424,1.0847057104110718,0.804347813129425
3,0.12606766819953918,0.9535464644432068,0.961114227771759,0.804347813129425
4,0.08589676767587662,0.9665334820747375,0.8535787463188171,0.8478260636329651
5,0.06020732223987579,0.9755244851112366,0.7603327631950378,0.8478260636329651
6,0.07539001852273941,0.9705294966697693,1.1067109107971191,0.8478260636329651
7,0.05076343193650246,0.9800199866294861,1.1647125482559204,0.8478260636329651
8,0.051825497299432755,0.9805194735527039,1.143491268157959,0.8913043737411499
9,0.055184826254844666,0.9770230054855347,0.9851285815238953,0.8695651888847351
10,0.07285961508750916,0.9780219793319702,0.7595325708389282,0.8695651888847351
11,0.043821968138217926,0.9850149750709534,1.7678494453430176,0.760869562625885
12,0.07343969494104385,0.9735264778137207,1.3282322883605957,0.8695651888847351
13,0.03283877298235893,0.9900099635124207,1.0919525623321533,0.8478260636329651
14,0.03955715894699097,0.9885115027427673,1.3175712823867798,0.8695651888847351
15,0.047392550855875015,0.9890109896659851,1.2312653064727783,0.8913043737411499
16,0.04201771318912506,0.9860140085220337,1.130915641784668,0.8478260636329651
17,0.03842347115278244,0.9885115027427673,1.2530900239944458,0.8913043737411499
18,0.02573215775191784,0.9920079708099365,1.272565484046936,0.8913043737411499
19,0.031242748722434044,0.9895104765892029,1.0569124221801758,0.8695651888847351
20,0.03326500952243805,0.9895104765892029,1.1068331003189087,0.8913043737411499
21,0.021200157701969147,0.9905095100402832,1.2374225854873657,0.8913043737411499
22,0.018698567524552345,0.9925075173377991,1.0163575410842896,0.8913043737411499
23,0.021269528195261955,0.9935064911842346,1.3237297534942627,0.8695651888847351
24,0.03466952219605446,0.9920079708099365,0.9478891491889954,0.8913043737411499
25,0.05289187654852867,0.9855144619941711,1.012090802192688,0.8695651888847351
26,0.01709393411874771,0.991008996963501,1.0205665826797485,0.8695651888847351
27,0.010296545922756195,0.9955044984817505,1.1825159788131714,0.8695651888847351
28,0.07690969854593277,0.9850149750709534,0.8762485384941101,0.8913043737411499
29,0.01910557970404625,0.9930070042610168,0.9443112015724182,0.8478260636329651
