,loss,accuracy,val_loss,val_accuracy
0,0.6325289011001587,0.7022976875305176,0.8727219700813293,0.6739130616188049
1,0.31001365184783936,0.8741258978843689,0.5817841291427612,0.782608687877655
2,0.1902138590812683,0.9335664510726929,0.21661065518856049,0.8913043737411499
3,0.10399053990840912,0.9610389471054077,0.1867840737104416,0.9130434989929199
4,0.08705595135688782,0.9680319428443909,0.36416277289390564,0.8913043737411499
5,0.06959886848926544,0.9760239720344543,0.9354366064071655,0.804347813129425
6,0.0806846171617508,0.9720279574394226,0.600700318813324,0.8260869383811951
7,0.12628942728042603,0.9580419659614563,0.9712502956390381,0.804347813129425
8,0.05167359486222267,0.9815185070037842,1.0831323862075806,0.782608687877655
9,0.04203232005238533,0.982017993927002,1.3390198945999146,0.804347813129425
10,0.03642168641090393,0.9855144619941711,1.2471429109573364,0.804347813129425
11,0.04425950348377228,0.9865134954452515,0.8606601357460022,0.8695651888847351
12,0.04955526441335678,0.9790209531784058,0.9033235311508179,0.8695651888847351
13,0.03665313124656677,0.9890109896659851,1.5714662075042725,0.804347813129425
14,0.05750496685504913,0.9855144619941711,0.4583718776702881,0.9130434989929199
15,0.03416508808732033,0.987512469291687,0.4794118404388428,0.9347826242446899
16,0.020638491958379745,0.9900099635124207,0.6642539501190186,0.9130434989929199
17,0.021982919424772263,0.9915084838867188,1.3530160188674927,0.8695651888847351
18,0.06845496594905853,0.9780219793319702,0.4597627818584442,0.9130434989929199
19,0.034331921488046646,0.9885115027427673,0.7721969485282898,0.8695651888847351
20,0.049800388514995575,0.9900099635124207,1.1168266534805298,0.8695651888847351
21,0.02690371684730053,0.9895104765892029,1.330291986465454,0.8260869383811951
22,0.026636894792318344,0.9880120158195496,0.4734518527984619,0.9130434989929199
23,0.03208049386739731,0.9895104765892029,0.6001995801925659,0.8695651888847351
24,0.012968853116035461,0.9925075173377991,0.6747309565544128,0.9130434989929199
25,0.015588761307299137,0.9925075173377991,1.1385319232940674,0.8913043737411499
26,0.07169952988624573,0.9815185070037842,0.903927206993103,0.804347813129425
27,0.05159681290388107,0.9850149750709534,0.4383282959461212,0.8695651888847351
28,0.052928611636161804,0.978521466255188,0.5378219485282898,0.8695651888847351
29,0.025039805099368095,0.9900099635124207,1.033451795578003,0.8478260636329651
