,loss,accuracy,val_loss,val_accuracy
0,0.6548064351081848,0.7004470825195312,0.40355047583580017,0.8222222328186035
1,0.27536988258361816,0.8897168636322021,0.842864990234375,0.7555555701255798
2,0.1218934953212738,0.9513164162635803,0.8479058146476746,0.8666666746139526
3,0.09811381995677948,0.9587680101394653,0.6337397694587708,0.8666666746139526
4,0.07975493371486664,0.9711872935295105,1.1785001754760742,0.800000011920929
5,0.0695081502199173,0.9771485328674316,0.7100227475166321,0.8444444537162781
6,0.041927728801965714,0.9855936169624329,0.7332684993743896,0.8666666746139526
7,0.063957579433918,0.9811227321624756,0.45787328481674194,0.9333333373069763
8,0.046092864125967026,0.9841033220291138,0.40475600957870483,0.9111111164093018
9,0.034927621483802795,0.9860904216766357,0.5484057068824768,0.8666666746139526
10,0.03952483832836151,0.9846001267433167,0.4408262372016907,0.9111111164093018
11,0.040679268538951874,0.9850968718528748,0.5060209631919861,0.8666666746139526
12,0.026965299621224403,0.9895678162574768,0.5461956262588501,0.9333333373069763
13,0.023290259763598442,0.992548406124115,0.6690164804458618,0.8888888955116272
14,0.04714832454919815,0.9870839715003967,0.5123400092124939,0.8444444537162781
15,0.0367916077375412,0.9875807166099548,0.4772111773490906,0.8888888955116272
16,0.03277326375246048,0.9885742664337158,0.44358307123184204,0.8444444537162781
17,0.03303995355963707,0.992548406124115,0.9040701985359192,0.8222222328186035
18,0.024719782173633575,0.9920516610145569,0.5738917589187622,0.8888888955116272
19,0.013276642188429832,0.993541955947876,0.5153400897979736,0.8444444537162781
20,0.03630967438220978,0.9875807166099548,1.0003070831298828,0.8222222328186035
21,0.0343407467007637,0.9880775213241577,0.8382585048675537,0.8888888955116272
22,0.02907240390777588,0.9905613660812378,0.8608134984970093,0.8888888955116272
23,0.010783802717924118,0.994535505771637,0.848597526550293,0.8888888955116272
24,0.010159085504710674,0.994535505771637,0.9667317867279053,0.8888888955116272
25,0.021885104477405548,0.9940387606620789,0.8460479974746704,0.8888888955116272
26,0.03150901570916176,0.9915549159049988,0.34117257595062256,0.9333333373069763
27,0.03355460986495018,0.9880775213241577,1.0921192169189453,0.8444444537162781
28,0.075417160987854,0.9801291823387146,1.5874842405319214,0.800000011920929
29,0.04084343463182449,0.9900645613670349,0.48892825841903687,0.8888888955116272
