,loss,accuracy,val_loss,val_accuracy
0,0.6535325050354004,0.6949825882911682,0.649290919303894,0.7111111283302307
1,0.2578592300415039,0.9011425971984863,0.7901697754859924,0.7333333492279053
2,0.1338825523853302,0.9498261213302612,1.265531301498413,0.7333333492279053
3,0.10456415265798569,0.9652260541915894,1.4465419054031372,0.7111111283302307
4,0.09274405241012573,0.9692001938819885,1.3918031454086304,0.6888889074325562
5,0.07774516940116882,0.9766517877578735,2.3851442337036133,0.6888889074325562
6,0.06692973524332047,0.9771485328674316,1.2702521085739136,0.800000011920929
7,0.04476397484540939,0.9850968718528748,1.9780066013336182,0.7333333492279053
8,0.029025042429566383,0.9890710115432739,2.5499346256256104,0.7555555701255798
9,0.055162254720926285,0.9811227321624756,2.2829885482788086,0.800000011920929
10,0.04479191079735756,0.9850968718528748,1.9457193613052368,0.800000011920929
11,0.038760315626859665,0.9895678162574768,1.5264146327972412,0.8222222328186035
12,0.023064611479640007,0.9930452108383179,1.5214931964874268,0.800000011920929
13,0.038001153618097305,0.9885742664337158,2.972918748855591,0.7777777910232544
14,0.039501894265413284,0.9890710115432739,1.5454474687576294,0.7777777910232544
15,0.027658704668283463,0.993541955947876,2.3831536769866943,0.7777777910232544
16,0.024601103737950325,0.9915549159049988,1.4373900890350342,0.8222222328186035
17,0.03490015119314194,0.9910581111907959,1.7173868417739868,0.800000011920929
18,0.02688748389482498,0.992548406124115,1.9091885089874268,0.7777777910232544
19,0.027357976883649826,0.9900645613670349,1.9859362840652466,0.7777777910232544
20,0.046757135540246964,0.9860904216766357,2.5020079612731934,0.7333333492279053
21,0.025682244449853897,0.9930452108383179,2.420039653778076,0.800000011920929
22,0.035552170127630234,0.9855936169624329,1.9155478477478027,0.7555555701255798
23,0.0487198606133461,0.9900645613670349,2.027918577194214,0.7555555701255798
24,0.04573481157422066,0.9865871667861938,2.843240261077881,0.800000011920929
25,0.0738440454006195,0.9850968718528748,1.7389975786209106,0.8222222328186035
26,0.021559301763772964,0.993541955947876,2.157914638519287,0.7111111283302307
27,0.047231413424015045,0.9885742664337158,1.9033854007720947,0.7777777910232544
28,0.014632534235715866,0.9950323104858398,2.618699550628662,0.7111111283302307
29,0.0108879916369915,0.9960258603096008,2.8327865600585938,0.7111111283302307
